//------------------------------------------------------------------------------
// Fixed attenation 
// assume Murata connector cable has 1.3dB loss
//------------------------------------------------------------------------------
IQ_FIXED_ATTEN_2_4_CHAIN0 	= 0.00 
IQ_FIXED_ATTEN_2_4_CHAIN1 	= 0.00 
IQ_FIXED_ATTEN_2_4_CHAIN2 	= 11.87 
IQ_FIXED_ATTEN_2_4_CHAIN3 	= 11.85 
IQ_FIXED_ATTEN_2_4_CHAIN4 	= 11.87 
IQ_FIXED_ATTEN_2_4_CHAIN5 	= 11.85

IQ_FIXED_ATTEN_5_CHAIN0 	= 0.00 
IQ_FIXED_ATTEN_5_CHAIN1 	= 0.00 
IQ_FIXED_ATTEN_5_CHAIN2 	= 10.22 
IQ_FIXED_ATTEN_5_CHAIN3 	= 10.21
IQ_FIXED_ATTEN_5_CHAIN4 	= 10.22 
IQ_FIXED_ATTEN_5_CHAIN5 	= 10.21
//------------------------------------------------------------------------------
// Supplemental Attenutation Settings for 2.4 GHz band - up to 50 frequencies.
//------------------------------------------------------------------------------
//  Frequency dependant attenuator value (dB)
//Freq  CHAIN0	CHAIN1	CHAIN2	CHAIN3
IQ_ATTEN_2_4_BEGIN
2412  4.62  4.75  11.96  11.96  1.96  11.96
2417  4.58  4.68  12.28  12.27  1.96  11.96
2422  4.54  4.62  12.71  12.69  1.96  11.96
2427  4.55  4.59  13.03  13.02  1.96  11.96
2432  4.58  4.60  12.95  12.94  1.96  11.96
2437  4.64  4.64  12.47  12.45  1.96  11.96
2442  4.70  4.71  11.87  11.85  1.96  11.96
2447  4.75  4.77  11.51  11.49  1.96  11.96
2452  4.75  4.79  11.48  11.47  1.96  11.96
2457  4.70  4.77  11.64  11.63  1.96  11.96
2462  4.61  4.69  11.89  11.88  1.96  11.96
2467  4.51  4.59  12.26  12.25  1.96  11.96
2472  4.44  4.51  12.72  12.71  1.96  11.96
2484  4.47  4.43  12.59  12.58  1.96  11.96
IQ_ATTEN_2_4_END

IQ_ATTEN_5_BEGIN
5180  5.90  6.07  10.43  10.43  1.96  11.96
5260  5.53  5.66  10.30  10.29  1.96  11.96
5320  5.74  5.66  10.27  10.27  1.96  11.96
5500  5.70  5.65  10.22  10.21  1.96  11.96
5600  5.97  6.07  10.14  10.13  1.96  11.96
5700  5.62  5.89  10.01   9.99  1.96  11.96
5745  5.34  5.56  10.09  10.07  1.96  11.96
5785  5.48  5.53  10.15  10.13  1.96  11.96
5825  6.30  5.76  10.16  10.14  1.96  11.96
IQ_ATTEN_5_END


//------------------------------------------------------------------------------
// END of file
//------------------------------------------------------------------------------
