//------------------------------------------------------------------------------
// Fixed attenation 
// assume Murata connector cable has 1.3dB loss
//------------------------------------------------------------------------------
IQ_FIXED_ATTEN_2_4_CHAIN0 	= 0.00 
IQ_FIXED_ATTEN_2_4_CHAIN1 	= 0.00 
IQ_FIXED_ATTEN_2_4_CHAIN2 	= 0.00 
IQ_FIXED_ATTEN_2_4_CHAIN3 	= 1.00 
IQ_FIXED_ATTEN_2_4_CHAIN4  	= 0.30
IQ_FIXED_ATTEN_2_4_CHAIN5  	= 0.30

IQ_FIXED_ATTEN_5_CHAIN0 	= 0.00 
IQ_FIXED_ATTEN_5_CHAIN1 	= 0.00 
IQ_FIXED_ATTEN_5_CHAIN2 	= 0.00
IQ_FIXED_ATTEN_5_CHAIN3 	= 1.00 
IQ_FIXED_ATTEN_5_CHAIN4  	= 0.3
IQ_FIXED_ATTEN_5_CHAIN5  	= 0.3

//------------------------------------------------------------------------------
// Supplemental Attenutation Settings for 2.4 GHz band - up to 50 frequencies.
//------------------------------------------------------------------------------
//  Frequency dependant attenuator value (dB)
//Freq  CHAIN0	CHAIN1	CHAIN2	CHAIN3
IQ_ATTEN_2_4_BEGIN
2412  20.91  21.58  21.77  20.98  0.00  0.00
2417  20.94  21.65  21.90  21.04  0.00  0.00
2422  21.00  21.72  22.13  21.11  0.00  0.00
2427  21.08  21.79  22.41  21.20  0.00  0.00
2432  21.18  21.85  22.65  21.30  0.00  0.00
2437  21.27  21.91  22.76  21.40  0.00  0.00
2442  21.36  21.96  22.71  21.47  0.00  0.00
2447  21.43  21.99  22.57  21.49  0.00  0.00
2452  21.48  22.00  22.42  21.47  0.00  0.00
2457  21.49  21.98  22.33  21.43  0.00  0.00
2462  21.47  21.93  22.31  21.36  0.00  0.00
2467  21.42  21.86  22.34  21.31  0.00  0.00
2472  21.35  21.79  22.34  21.28  0.00  0.00
2484  21.18  21.73  22.08  21.34  0.00  0.00
IQ_ATTEN_2_4_END

IQ_ATTEN_5_BEGIN
5180  23.06  23.40  0.00  22.72  0.00  0.00
5260  23.00  23.40  0.00  22.66  0.00  0.00
5320  23.48  23.57  0.00  22.50  0.00  0.00
5500  23.82  24.02  0.00  22.79  0.00  0.00
5600  23.86  24.08  0.00  22.75  0.00  0.00
5700  23.99  24.23  0.00  23.06  0.00  0.00
5745  23.41  23.63  0.00  23.31  0.00  0.00
5785  23.77  24.24  0.00  23.27  0.00  0.00
5825  24.02  24.11  0.00  22.80  0.00  0.00
IQ_ATTEN_5_END


//------------------------------------------------------------------------------
// END of file
//------------------------------------------------------------------------------








































